-0.5 1.0 1.0 1.0 1.0
-0.25 1.0 1.0 1.0 1.0
-0.25 0.7142857142857143 1.0 1.0 1.0
-0.5 0.7142857142857143 1.0 1.0 1.0
-0.25 1.0 1.0 1.0 1.0
0.0 1.0 1.0 1.0 1.0
0.0 0.7142857142857143 1.0 1.0 1.0
-0.25 0.7142857142857143 1.0 1.0 1.0
0.0 1.0 1.0 1.0 1.0
0.25 1.0 1.0 1.0 1.0
0.25 0.7142857142857143 1.0 1.0 1.0
0.0 0.7142857142857143 1.0 1.0 1.0
0.25 1.0 1.0 1.0 1.0
0.5 1.0 1.0 1.0 1.0
0.5 0.7142857142857143 1.0 1.0 1.0
0.25 0.7142857142857143 1.0 1.0 1.0
-0.75 0.7142857142857143 0.9857142857142858 0.9857142857142858 0.9857142857142858
-0.5 0.7142857142857143 0.9857142857142858 0.9857142857142858 0.9857142857142858
-0.5 0.4285714285714286 0.9857142857142858 0.9857142857142858 0.9857142857142858
-0.75 0.4285714285714286 0.9857142857142858 0.9857142857142858 0.9857142857142858
0.5 0.7142857142857143 0.9857142857142858 0.9857142857142858 0.9857142857142858
0.75 0.7142857142857143 0.9857142857142858 0.9857142857142858 0.9857142857142858
0.75 0.4285714285714286 0.9857142857142858 0.9857142857142858 0.9857142857142858
0.5 0.4285714285714286 0.9857142857142858 0.9857142857142858 0.9857142857142858
-1.0 0.4285714285714286 0.9714285714285714 0.9714285714285714 0.9714285714285714
-0.75 0.4285714285714286 0.9714285714285714 0.9714285714285714 0.9714285714285714
-0.75 0.1428571428571429 0.9714285714285714 0.9714285714285714 0.9714285714285714
-1.0 0.1428571428571429 0.9714285714285714 0.9714285714285714 0.9714285714285714
-0.5 0.4285714285714286 0.9714285714285714 0.9714285714285714 0.9714285714285714
-0.25 0.4285714285714286 0.9714285714285714 0.9714285714285714 0.9714285714285714
-0.25 0.1428571428571429 0.9714285714285714 0.9714285714285714 0.9714285714285714
-0.5 0.1428571428571429 0.9714285714285714 0.9714285714285714 0.9714285714285714
-0.25 0.4285714285714286 0.9714285714285714 0.9714285714285714 0.9714285714285714
0.0 0.4285714285714286 0.9714285714285714 0.9714285714285714 0.9714285714285714
0.0 0.1428571428571429 0.9714285714285714 0.9714285714285714 0.9714285714285714
-0.25 0.1428571428571429 0.9714285714285714 0.9714285714285714 0.9714285714285714
0.0 0.4285714285714286 0.9714285714285714 0.9714285714285714 0.9714285714285714
0.25 0.4285714285714286 0.9714285714285714 0.9714285714285714 0.9714285714285714
0.25 0.1428571428571429 0.9714285714285714 0.9714285714285714 0.9714285714285714
0.0 0.1428571428571429 0.9714285714285714 0.9714285714285714 0.9714285714285714
0.25 0.4285714285714286 0.9714285714285714 0.9714285714285714 0.9714285714285714
0.5 0.4285714285714286 0.9714285714285714 0.9714285714285714 0.9714285714285714
0.5 0.1428571428571429 0.9714285714285714 0.9714285714285714 0.9714285714285714
0.25 0.1428571428571429 0.9714285714285714 0.9714285714285714 0.9714285714285714
0.75 0.4285714285714286 0.9714285714285714 0.9714285714285714 0.9714285714285714
1.0 0.4285714285714286 0.9714285714285714 0.9714285714285714 0.9714285714285714
1.0 0.1428571428571429 0.9714285714285714 0.9714285714285714 0.9714285714285714
0.75 0.1428571428571429 0.9714285714285714 0.9714285714285714 0.9714285714285714
-1.0 0.1428571428571429 0.9571428571428572 0.9571428571428572 0.9571428571428572
-0.75 0.1428571428571429 0.9571428571428572 0.9571428571428572 0.9571428571428572
-0.75 -0.1428571428571428 0.9571428571428572 0.9571428571428572 0.9571428571428572
-1.0 -0.1428571428571428 0.9571428571428572 0.9571428571428572 0.9571428571428572
-0.75 0.1428571428571429 0.9571428571428572 0.9571428571428572 0.9571428571428572
-0.5 0.1428571428571429 0.9571428571428572 0.9571428571428572 0.9571428571428572
-0.5 -0.1428571428571428 0.9571428571428572 0.9571428571428572 0.9571428571428572
-0.75 -0.1428571428571428 0.9571428571428572 0.9571428571428572 0.9571428571428572
0.5 0.1428571428571429 0.9571428571428572 0.9571428571428572 0.9571428571428572
0.75 0.1428571428571429 0.9571428571428572 0.9571428571428572 0.9571428571428572
0.75 -0.1428571428571428 0.9571428571428572 0.9571428571428572 0.9571428571428572
0.5 -0.1428571428571428 0.9571428571428572 0.9571428571428572 0.9571428571428572
0.75 0.1428571428571429 0.9571428571428572 0.9571428571428572 0.9571428571428572
1.0 0.1428571428571429 0.9571428571428572 0.9571428571428572 0.9571428571428572
1.0 -0.1428571428571428 0.9571428571428572 0.9571428571428572 0.9571428571428572
0.75 -0.1428571428571428 0.9571428571428572 0.9571428571428572 0.9571428571428572
-1.0 -0.1428571428571428 0.9428571428571428 0.9428571428571428 0.9428571428571428
-0.75 -0.1428571428571428 0.9428571428571428 0.9428571428571428 0.9428571428571428
-0.75 -0.4285714285714285 0.9428571428571428 0.9428571428571428 0.9428571428571428
-1.0 -0.4285714285714285 0.9428571428571428 0.9428571428571428 0.9428571428571428
-0.5 -0.1428571428571428 0.9428571428571428 0.9428571428571428 0.9428571428571428
-0.25 -0.1428571428571428 0.9428571428571428 0.9428571428571428 0.9428571428571428
-0.25 -0.4285714285714285 0.9428571428571428 0.9428571428571428 0.9428571428571428
-0.5 -0.4285714285714285 0.9428571428571428 0.9428571428571428 0.9428571428571428
-0.25 -0.1428571428571428 0.9428571428571428 0.9428571428571428 0.9428571428571428
0.0 -0.1428571428571428 0.9428571428571428 0.9428571428571428 0.9428571428571428
0.0 -0.4285714285714285 0.9428571428571428 0.9428571428571428 0.9428571428571428
-0.25 -0.4285714285714285 0.9428571428571428 0.9428571428571428 0.9428571428571428
0.0 -0.1428571428571428 0.9428571428571428 0.9428571428571428 0.9428571428571428
0.25 -0.1428571428571428 0.9428571428571428 0.9428571428571428 0.9428571428571428
0.25 -0.4285714285714285 0.9428571428571428 0.9428571428571428 0.9428571428571428
0.0 -0.4285714285714285 0.9428571428571428 0.9428571428571428 0.9428571428571428
0.25 -0.1428571428571428 0.9428571428571428 0.9428571428571428 0.9428571428571428
0.5 -0.1428571428571428 0.9428571428571428 0.9428571428571428 0.9428571428571428
0.5 -0.4285714285714285 0.9428571428571428 0.9428571428571428 0.9428571428571428
0.25 -0.4285714285714285 0.9428571428571428 0.9428571428571428 0.9428571428571428
0.75 -0.1428571428571428 0.9428571428571428 0.9428571428571428 0.9428571428571428
1.0 -0.1428571428571428 0.9428571428571428 0.9428571428571428 0.9428571428571428
1.0 -0.4285714285714285 0.9428571428571428 0.9428571428571428 0.9428571428571428
0.75 -0.4285714285714285 0.9428571428571428 0.9428571428571428 0.9428571428571428
-0.75 -0.4285714285714286 0.9285714285714286 0.9285714285714286 0.9285714285714286
-0.5 -0.4285714285714286 0.9285714285714286 0.9285714285714286 0.9285714285714286
-0.5 -0.7142857142857143 0.9285714285714286 0.9285714285714286 0.9285714285714286
-0.75 -0.7142857142857143 0.9285714285714286 0.9285714285714286 0.9285714285714286
0.5 -0.4285714285714286 0.9285714285714286 0.9285714285714286 0.9285714285714286
0.75 -0.4285714285714286 0.9285714285714286 0.9285714285714286 0.9285714285714286
0.75 -0.7142857142857143 0.9285714285714286 0.9285714285714286 0.9285714285714286
0.5 -0.7142857142857143 0.9285714285714286 0.9285714285714286 0.9285714285714286
-0.5 -0.7142857142857142 0.9142857142857143 0.9142857142857143 0.9142857142857143
-0.25 -0.7142857142857142 0.9142857142857143 0.9142857142857143 0.9142857142857143
-0.25 -0.9999999999999999 0.9142857142857143 0.9142857142857143 0.9142857142857143
-0.5 -0.9999999999999999 0.9142857142857143 0.9142857142857143 0.9142857142857143
-0.25 -0.7142857142857142 0.9142857142857143 0.9142857142857143 0.9142857142857143
0.0 -0.7142857142857142 0.9142857142857143 0.9142857142857143 0.9142857142857143
0.0 -0.9999999999999999 0.9142857142857143 0.9142857142857143 0.9142857142857143
-0.25 -0.9999999999999999 0.9142857142857143 0.9142857142857143 0.9142857142857143
0.0 -0.7142857142857142 0.9142857142857143 0.9142857142857143 0.9142857142857143
0.25 -0.7142857142857142 0.9142857142857143 0.9142857142857143 0.9142857142857143
0.25 -0.9999999999999999 0.9142857142857143 0.9142857142857143 0.9142857142857143
0.0 -0.9999999999999999 0.9142857142857143 0.9142857142857143 0.9142857142857143
0.25 -0.7142857142857142 0.9142857142857143 0.9142857142857143 0.9142857142857143
0.5 -0.7142857142857142 0.9142857142857143 0.9142857142857143 0.9142857142857143
0.5 -0.9999999999999999 0.9142857142857143 0.9142857142857143 0.9142857142857143
0.25 -0.9999999999999999 0.9142857142857143 0.9142857142857143 0.9142857142857143
