-0.4 1.0 0.7 1.0 0.7
-0.2 1.0 0.7 1.0 0.7
-0.2 0.7777777777777778 0.7 1.0 0.7
-0.4 0.7777777777777778 0.7 1.0 0.7
-0.19999999999999996 1.0 0.7 1.0 0.7
5.551115123125783e-17 1.0 0.7 1.0 0.7
5.551115123125783e-17 0.7777777777777778 0.7 1.0 0.7
-0.19999999999999996 0.7777777777777778 0.7 1.0 0.7
0.0 1.0 0.7 1.0 0.7
0.2 1.0 0.7 1.0 0.7
0.2 0.7777777777777778 0.7 1.0 0.7
0.0 0.7777777777777778 0.7 1.0 0.7
0.19999999999999996 1.0 0.7 1.0 0.7
0.39999999999999997 1.0 0.7 1.0 0.7
0.39999999999999997 0.7777777777777778 0.7 1.0 0.7
0.19999999999999996 0.7777777777777778 0.7 1.0 0.7
-0.6 0.7777777777777778 0.7 1.0 0.7
-0.39999999999999997 0.7777777777777778 0.7 1.0 0.7
-0.39999999999999997 0.5555555555555556 0.7 1.0 0.7
-0.6 0.5555555555555556 0.7 1.0 0.7
0.3999999999999999 0.7777777777777778 0.7 1.0 0.7
0.5999999999999999 0.7777777777777778 0.7 1.0 0.7
0.5999999999999999 0.5555555555555556 0.7 1.0 0.7
0.3999999999999999 0.5555555555555556 0.7 1.0 0.7
-0.8 0.5555555555555556 0.7 1.0 0.7
-0.6000000000000001 0.5555555555555556 0.7 1.0 0.7
-0.6000000000000001 0.33333333333333337 0.7 1.0 0.7
-0.8 0.33333333333333337 0.7 1.0 0.7
-0.4 0.5555555555555556 0.7 1.0 0.7
-0.2 0.5555555555555556 0.7 1.0 0.7
-0.2 0.33333333333333337 0.7 1.0 0.7
-0.4 0.33333333333333337 0.7 1.0 0.7
-0.19999999999999996 0.5555555555555556 0.7 1.0 0.7
5.551115123125783e-17 0.5555555555555556 0.7 1.0 0.7
5.551115123125783e-17 0.33333333333333337 0.7 1.0 0.7
-0.19999999999999996 0.33333333333333337 0.7 1.0 0.7
0.0 0.5555555555555556 0.7 1.0 0.7
0.2 0.5555555555555556 0.7 1.0 0.7
0.2 0.33333333333333337 0.7 1.0 0.7
0.0 0.33333333333333337 0.7 1.0 0.7
0.19999999999999996 0.5555555555555556 0.7 1.0 0.7
0.39999999999999997 0.5555555555555556 0.7 1.0 0.7
0.39999999999999997 0.33333333333333337 0.7 1.0 0.7
0.19999999999999996 0.33333333333333337 0.7 1.0 0.7
0.6000000000000001 0.5555555555555556 0.7 1.0 0.7
0.8 0.5555555555555556 0.7 1.0 0.7
0.8 0.33333333333333337 0.7 1.0 0.7
0.6000000000000001 0.33333333333333337 0.7 1.0 0.7
-0.8 0.33333333333333337 0.7 1.0 0.7
-0.6000000000000001 0.33333333333333337 0.7 1.0 0.7
-0.6000000000000001 0.11111111111111116 0.7 1.0 0.7
-0.8 0.11111111111111116 0.7 1.0 0.7
-0.6 0.33333333333333337 0.7 1.0 0.7
-0.39999999999999997 0.33333333333333337 0.7 1.0 0.7
-0.39999999999999997 0.11111111111111116 0.7 1.0 0.7
-0.6 0.11111111111111116 0.7 1.0 0.7
-0.19999999999999996 0.33333333333333337 0.7 1.0 0.7
5.551115123125783e-17 0.33333333333333337 0.7 1.0 0.7
5.551115123125783e-17 0.11111111111111116 0.7 1.0 0.7
-0.19999999999999996 0.11111111111111116 0.7 1.0 0.7
0.0 0.33333333333333337 0.7 1.0 0.7
0.2 0.33333333333333337 0.7 1.0 0.7
0.2 0.11111111111111116 0.7 1.0 0.7
0.0 0.11111111111111116 0.7 1.0 0.7
0.3999999999999999 0.33333333333333337 0.7 1.0 0.7
0.5999999999999999 0.33333333333333337 0.7 1.0 0.7
0.5999999999999999 0.11111111111111116 0.7 1.0 0.7
0.3999999999999999 0.11111111111111116 0.7 1.0 0.7
0.6000000000000001 0.33333333333333337 0.7 1.0 0.7
0.8 0.33333333333333337 0.7 1.0 0.7
0.8 0.11111111111111116 0.7 1.0 0.7
0.6000000000000001 0.11111111111111116 0.7 1.0 0.7
-0.8 0.11111111111111116 0.7 1.0 0.7
-0.6000000000000001 0.11111111111111116 0.7 1.0 0.7
-0.6000000000000001 -0.11111111111111105 0.7 1.0 0.7
-0.8 -0.11111111111111105 0.7 1.0 0.7
-0.4 0.11111111111111116 0.7 1.0 0.7
-0.2 0.11111111111111116 0.7 1.0 0.7
-0.2 -0.11111111111111105 0.7 1.0 0.7
-0.4 -0.11111111111111105 0.7 1.0 0.7
-0.19999999999999996 0.11111111111111116 0.7 1.0 0.7
5.551115123125783e-17 0.11111111111111116 0.7 1.0 0.7
5.551115123125783e-17 -0.11111111111111105 0.7 1.0 0.7
-0.19999999999999996 -0.11111111111111105 0.7 1.0 0.7
0.0 0.11111111111111116 0.7 1.0 0.7
0.2 0.11111111111111116 0.7 1.0 0.7
0.2 -0.11111111111111105 0.7 1.0 0.7
0.0 -0.11111111111111105 0.7 1.0 0.7
0.19999999999999996 0.11111111111111116 0.7 1.0 0.7
0.39999999999999997 0.11111111111111116 0.7 1.0 0.7
0.39999999999999997 -0.11111111111111105 0.7 1.0 0.7
0.19999999999999996 -0.11111111111111105 0.7 1.0 0.7
0.6000000000000001 0.11111111111111116 0.7 1.0 0.7
0.8 0.11111111111111116 0.7 1.0 0.7
0.8 -0.11111111111111105 0.7 1.0 0.7
0.6000000000000001 -0.11111111111111105 0.7 1.0 0.7
-0.6 -0.11111111111111116 0.7 1.0 0.7
-0.39999999999999997 -0.11111111111111116 0.7 1.0 0.7
-0.39999999999999997 -0.33333333333333337 0.7 1.0 0.7
-0.6 -0.33333333333333337 0.7 1.0 0.7
0.3999999999999999 -0.11111111111111116 0.7 1.0 0.7
0.5999999999999999 -0.11111111111111116 0.7 1.0 0.7
0.5999999999999999 -0.33333333333333337 0.7 1.0 0.7
0.3999999999999999 -0.33333333333333337 0.7 1.0 0.7
-0.4 -0.33333333333333326 0.7 1.0 0.7
-0.2 -0.33333333333333326 0.7 1.0 0.7
-0.2 -0.5555555555555555 0.7 1.0 0.7
-0.4 -0.5555555555555555 0.7 1.0 0.7
-0.19999999999999996 -0.33333333333333326 0.7 1.0 0.7
5.551115123125783e-17 -0.33333333333333326 0.7 1.0 0.7
5.551115123125783e-17 -0.5555555555555555 0.7 1.0 0.7
-0.19999999999999996 -0.5555555555555555 0.7 1.0 0.7
0.0 -0.33333333333333326 0.7 1.0 0.7
0.2 -0.33333333333333326 0.7 1.0 0.7
0.2 -0.5555555555555555 0.7 1.0 0.7
0.0 -0.5555555555555555 0.7 1.0 0.7
0.19999999999999996 -0.33333333333333326 0.7 1.0 0.7
0.39999999999999997 -0.33333333333333326 0.7 1.0 0.7
0.39999999999999997 -0.5555555555555555 0.7 1.0 0.7
0.19999999999999996 -0.5555555555555555 0.7 1.0 0.7
-0.6 -0.5555555555555556 0.7 1.0 0.7
-0.39999999999999997 -0.5555555555555556 0.7 1.0 0.7
-0.39999999999999997 -0.7777777777777778 0.7 1.0 0.7
-0.6 -0.7777777777777778 0.7 1.0 0.7
-0.19999999999999996 -0.5555555555555556 0.7 1.0 0.7
5.551115123125783e-17 -0.5555555555555556 0.7 1.0 0.7
5.551115123125783e-17 -0.7777777777777778 0.7 1.0 0.7
-0.19999999999999996 -0.7777777777777778 0.7 1.0 0.7
0.0 -0.5555555555555556 0.7 1.0 0.7
0.2 -0.5555555555555556 0.7 1.0 0.7
0.2 -0.7777777777777778 0.7 1.0 0.7
0.0 -0.7777777777777778 0.7 1.0 0.7
0.3999999999999999 -0.5555555555555556 0.7 1.0 0.7
0.5999999999999999 -0.5555555555555556 0.7 1.0 0.7
0.5999999999999999 -0.7777777777777778 0.7 1.0 0.7
0.3999999999999999 -0.7777777777777778 0.7 1.0 0.7
-0.19999999999999996 -0.7777777777777777 0.7 1.0 0.7
5.551115123125783e-17 -0.7777777777777777 0.7 1.0 0.7
5.551115123125783e-17 -0.9999999999999999 0.7 1.0 0.7
-0.19999999999999996 -0.9999999999999999 0.7 1.0 0.7
0.0 -0.7777777777777777 0.7 1.0 0.7
0.2 -0.7777777777777777 0.7 1.0 0.7
0.2 -0.9999999999999999 0.7 1.0 0.7
0.0 -0.9999999999999999 0.7 1.0 0.7